53 -31 -59
-21 90 -31
62 -53 86
-82 67 -99
-92 -37 81
10 -22 50
-96 28 60
93 -79 17
-97 -46 83
-28 62 19
22 -43 56
-82 28 -75
18 92 96
-50 -81 -63
-34 -29 -67
-51 -63 -25
-40 -11 -66
-100 31 -96
72 51 83
90 -59 47
90 -80 -12
22 -2 -13
-28 -96 49
87 78 18
-79 18 -93
-90 48 76
-71 39 -16
27 -97 35
13 50 85
-73 -13 -43
66 -64 78
71 -85 63
82 -48 -85
5 -69 -92
68 -26 77
71 -39 24
73 4 -61
89 -97 64
-60 16 76
9 90 -61
91 11 -86
88 17 3
48 90 81
-66 80 84
89 28 7
48 1 -14
85 -52 58
11 37 -65
75 42 10
93 40 65
