6.24 2.52
3.17 -5.61
9.02 3.37
-1.98 0.12
-9.94 8.29
-8.75 4.19
-8.34 -1.43
9.00 -3.10
-4.45 -1.17
8.46 1.90
-1.80 5.60
1.47 -7.03
6.60 4.30
4.81 -9.21
8.20 8.39
-1.67 -5.12
-1.30 -4.32
-2.78 9.01
-5.76 -7.01
-7.06 -4.20
5.09 5.12
0.55 -9.69
7.70 7.58
-3.63 6.28
-3.11 -0.54
-5.92 9.76
0.87 9.82
4.00 7.42
-6.90 1.03
-5.96 -3.11
8.96 -3.87
-0.95 -6.02
-5.00 -2.47
3.48 5.59
-4.05 0.62
5.77 -4.36
-4.64 0.38
2.72 -9.70
2.54 5.14
-4.75 -5.63
-1.70 -4.82
-5.73 2.82
7.50 -7.88
-9.15 -5.09
1.54 6.76
5.64 -5.15
-5.33 0.01
-9.28 1.86
-4.14 -0.13
4.80 4.68
1.18 0.33
-2.81 4.74
3.27 3.19
-1.57 5.01
-1.09 3.73
-3.24 0.70
9.11 0.65
-1.78 -1.57
-2.39 -3.02
8.78 4.77
-5.66 5.86
-2.59 9.03
1.14 -5.47
-3.65 0.69
9.19 -1.38
-9.45 -8.22
8.60 8.72
4.21 -6.01
-7.50 3.44
-3.16 -5.82
0.06 9.87
-8.73 2.69
8.59 -4.51
-8.79 1.58
-7.11 -1.39
-4.95 -4.13
2.49 -7.58
-3.25 1.56
8.44 -2.50
8.15 5.90
-9.83 1.17
2.17 6.63
-3.16 5.11
-2.46 -4.30
-2.04 -6.64
1.54 -5.86
-2.50 6.02
-5.27 -2.45
2.88 5.46
-6.51 0.94
-6.43 9.76
0.93 1.46
-6.97 6.29
-6.34 -1.89
6.06 -5.08
1.81 8.14
2.27 -0.50
8.04 -2.78
0.84 -4.19
7.43 9.16
