1. [1101]
2. [0111]
3. [0100]
4. [0001]
5. [0110]
6. [1000]
7. [1010]
8. [0101]
9. [1110]
10.[1011]
11.[00010110]
12.[10110101]
13.[10111111]
14.[01101001]
15.[00111000]
16.[11101100]
17.[00110101]
18.[10010001]
19.[01100000]
20.[11000111]
21.[01010001]
22.[10111110]
23.[10111010]
24.[00000101]
25.[00101111]
26.[00100010]
27.[00001111]
28.[11011101]
29.[00101011]
30.[10111011]
31.[0010110111011001]
32.[0010011000101111]
33.[0000100000000100]
34.[1011100111000001]
35.[1110000001100000]
36.[1011110111100011]
37.[1101100100001011]
38.[1011110011010011]
39.[1001001101111000]
40.[1011110100000011]
41.[0001001010010100]
42.[1110101100100110]
43.[0110110100010000]
44.[1001001111001101]
45.[0001110000011101]
46.[1000010001101010]
47.[0111001010100001]
48.[0111100011000000]
49.[1011110111011110]
50.[1111011001101000]
