-0.8024152920320655 1.3873209524094239
3.9079764755095843 0.3777378102047012


0.7585331488803264 -1.1607070619238047

0.9497408908989474 -0.6580742242322808

0.7178174166523226 -1.192044220776034
2.4871199347401185 -0.27283422045440403


-3.6498730890884556 -1.461238022022655







-0.13076351580199044 1.0196524046908793
-0.7245942884589734 0.8155033793680644
0.4510723416034454 -3.879643770174874


1.223513339627155 -0.6901800062938215

0.40691366800720785 3.185678924585385




-0.7666794575845852 1.3520453112431219
-1.224653838779841 15.024653838779841


-0.9419283139986037 0.8871337934506585

1.2666666666666666 -1.0
-10.63717817509592 0.637178175095921
-1.0344559286393318 0.9135768077602108


1.8866997944918447 -0.6745785823706326

-0.5505788401026739 0.5297455067693405

-4.637761906888929 1.2741255432525649


